DateTime,Entries,UniqueIPs
1542624033,25,25
1542637233,25,25
1542649834,24,24
1542661833,26,26
1542673833,27,27
1542685233,26,26
1542697233,26,26
1542709233,25,25
1542721233,25,25
1542733833,26,26
1542747033,25,25
1542758443,27,27
1542768633,25,25
1542779432,25,25
1542789638,26,26
1542801033,25,25
1542812435,24,24
1542822034,27,27
1542834039,25,25
1542844234,27,27
1542855034,25,25
1542866441,25,25
1542877238,26,26
1542887433,25,25
1542899443,27,27
1542911435,25,25
1542922234,24,24
1542932434,25,25
1542943837,25,25
1542954036,24,24
1542965441,25,25
1542976237,25,25
1542988238,26,26
1543000839,26,26
1543012838,26,26
1543024842,27,27
1543035654,24,24
1543047038,27,27
1543059056,25,25
1543071038,25,25
1543083043,25,25
1543095641,25,25
1543107644,27,27
1543118438,26,26
1543129243,25,25
1543140044,24,24
1543150846,26,26
1543161656,24,24
1543171839,27,27
1543182642,26,26
1543192839,21,21
1543203052,25,25
1543214439,27,27
1543227646,26,26
1543239039,27,27
1543249239,27,27
1543260643,27,27
1543281039,26,26
1543310444,26,26
1543324844,22,22
1543339854,26,26
1543354243,26,26
1543366848,26,26
1543381842,24,24
1543395641,27,27
1543408245,25,25
1543421439,26,26
1543435244,21,21
1543447241,27,27
1543460457,25,25
1543473640,26,26
1543485644,27,27
1543497641,27,27
1543510242,25,25
1543522842,25,25
1543534842,26,26
1543569640,26,26
1543581039,26,26
1543593040,25,25
1543605640,26,26
1543616440,23,23
1543626640,27,27
1543638641,26,26
1543649440,26,26
1543660839,26,26
1543673440,27,27
1543683040,25,25
1543694442,22,22
1543703442,24,24
1543713039,27,27
1543724443,26,26
1543735251,24,24
1543746647,24,24
1543757442,26,26
1543768843,27,27
1543780857,25,25
1543790441,24,24
1543799439,26,26
1543810844,24,24
1543822242,25,25
1543833644,25,25
1543847439,26,26
1543858240,27,27
1543869640,26,26
1543881039,25,25
1543893039,25,25
1543906839,22,22
1543918840,24,24
1543930839,27,27
1543944039,26,26
1543955445,25,25
1543965039,26,26
1543977039,26,26
1543987839,26,26
1543999239,25,25
1544011249,25,25
1544022057,27,27
1544031640,27,27
1544042439,25,25
1544062241,27,27
1544073641,24,24
1544085048,26,26
1544095857,26,26
1544106057,24,24
1544115652,25,25
1544125841,26,26
1544144450,27,27
1544153449,27,27
1544163640,26,26
1544174440,24,24
1544185240,27,27
1544206841,25,25
1544217658,25,25
1544227255,26,26
1544236254,27,27
1544245844,26,26
1544267441,26,26
1544289641,26,26
1544310641,25,25
1544320856,26,26
1544331040,27,27
1544343041,24,24
1544355058,25,25
1544375440,26,26
1544397040,26,26
1544408439,26,26
1544419840,27,27
1544430639,27,27
1544441443,27,27
1544462440,27,27
1544472640,24,24
1544481642,27,27
1544505041,27,27
1544517045,24,24
1544528441,25,25
1544550641,27,27
1544560840,26,26
1544571049,24,24
1544580647,27,27
1544592639,25,25
1544614240,26,26
1544625040,26,26
1544634046,26,26
1544643047,26,26
1544651455,25,25
1544660441,27,27
1544675449,24,24
1544691042,25,25
1544707242,23,23
1544721644,25,25
1544736643,25,25
1544750442,26,26
1544766044,24,24
1544781042,25,25
1544795442,26,26
1544809843,24,24
1544825443,27,27
1544841042,26,26
1544855444,26,26
1544869841,26,26
1544883642,26,26
1544897445,25,25
1544912445,26,26
1544925642,23,23
1544939443,26,26
1544953859,26,26
1544967642,25,25
1544982043,24,24
1544996443,26,26
1545009641,24,24
1545024043,25,25
1545039043,26,26
1545053443,25,25
1545067844,26,26
1545081642,27,27
1545094842,26,26
1545108642,27,27
1545123643,26,26
1545138043,24,24
1545151842,24,24
1545165644,26,26
1545181845,25,25
1545200443,25,25
1545217843,24,24
1545236444,27,27
1545252043,25,25
1545267642,26,26
1545282042,26,26
1545295842,26,26
1545310842,27,27
1545324644,26,26
1545339043,25,25
1545352242,27,27
1545364842,24,24
1545378642,26,26
1545392443,24,24
1545408644,26,26
1545424842,25,25
1545439259,27,27
1545454242,26,26
1545468042,24,24
1545481242,25,25
1545493242,27,27
1545506443,25,25
1545517847,26,26
1545529242,25,25
1545540041,27,27
1545553244,24,24
1545565242,25,25
1545577841,25,25
1545589845,24,24
1545600042,22,22
1545610842,24,24
1545621642,27,27
1545634259,26,26
1545645650,27,27
1545657042,24,24
1545669049,24,24
1545679848,27,27
1545690643,25,25
1545700842,25,25
1545712240,27,27
1545724241,26,26
1545736844,22,22
1545748242,25,25
1545758441,25,25
1545770442,27,27
1545782447,25,25
1545793241,27,27
1545802840,25,25
1545814858,25,25
1545825642,25,25
1545835841,25,25
1545846040,26,26
1545857442,27,27
1545868242,27,27
1545879652,25,25
1545890458,27,27
1545901258,26,26
1545911442,26,26
1545922241,27,27
1545933042,27,27
1545943842,26,26
1545954041,23,23
1545964843,25,25
1545976240,27,27
1545987044,22,22
1545997241,27,27
1546009242,26,26
1546018852,27,27
1546030242,26,26
1546040441,26,26
1546052441,27,27
1546063840,27,27
1546073441,26,26
1546084258,24,24
1546095041,26,26
1546105241,26,26
1546116042,24,24
1546128043,27,27
1546137641,24,24
1546149041,23,23
1546159843,24,24
1546170641,25,25
1546182048,26,26
1546191047,25,25
1546200641,24,24
1546210842,25,25
1546219843,25,25
1546229442,25,25
1546239041,25,25
1546249241,26,26
1546260042,27,27
1546272046,24,24
1546281042,26,26
1546291843,27,27
1546300241,25,25
1546310446,26,26
1546319440,26,26
1546330848,26,26
1546340441,26,26
1546348840,25,25
1546357842,25,25
1546368041,27,27
1546378841,25,25
1546389040,25,25
1546398640,26,26
1546410040,25,25
1546420841,26,26
1546431049,26,26
1546440640,25,25
1546450840,26,26
1546461640,27,27
1546472440,26,26
1546481441,26,26
1546492840,26,26
1546503640,27,27
1546513841,26,26
1546524640,27,27
1546534241,27,27
1546543841,27,27
1546553440,24,24
1546563043,24,24
1546573840,27,27
1546584641,26,26
1546594840,25,25
1546606242,26,26
1546617648,26,26
1546627841,23,23
1546637441,26,26
1546646453,27,27
1546654840,25,25
1546664458,26,26
1546674050,26,26
1546684841,27,27
1546694441,27,27
1546704641,24,24
1546715456,27,27
1546726241,26,26
1546737040,26,26
1546746041,27,27
1546756840,26,26
1546767052,26,26
1546776045,25,25
1546786241,24,24
1546795841,25,25
1546806049,26,26
1546816240,23,23
1546826458,26,26
1546836641,24,24
1546846841,27,27
1546857058,25,25
1546866640,27,27
1546877440,27,27
1546888842,25,25
1546899040,22,22
1546909241,27,27
1546918241,25,25
1546927841,24,24
1546939240,24,24
1546949441,25,25
1546961444,26,26
1546971046,27,27
1546980641,26,26
1546991441,26,26
1547002849,26,26
1547013039,27,27
1547023839,27,27
1547034641,26,26
1547046640,26,26
1547057440,27,27
1547068841,26,26
1547078453,26,26
1547088040,24,24
1547099439,27,27
1547111440,26,26
1547122841,27,27
1547133640,26,26
1547144441,26,26
1547155841,24,24
1547166040,25,25
1547176239,26,26
1547187639,23,23
1547199640,25,25
1547211040,25,25
1547221240,27,27
1547230240,26,26
1547239839,25,25
1547248840,27,27
1547258440,25,25
1547268039,21,21
1547279439,27,27
1547289053,27,27
1547298040,24,24
1547307040,26,26
1547316639,23,23
1547328040,25,25
1547338843,27,27
1547348448,27,27
1547357457,26,26
1547367039,26,26
1547377243,27,27
1547385639,26,26
1547395240,26,26
1547404841,24,24
1547415639,26,26
1547423440,27,27
1547433040,25,25
1547442638,25,25
1547453438,26,26
1547461847,23,23
1547472056,24,24
1547481040,24,24
1547502040,27,27
1547511640,24,24
1547521239,27,27
1547530838,27,27
1547541045,27,27
1547550639,25,25
1547562041,26,26
1547571040,25,25
1547580040,24,24
1547599239,26,26
1547608839,24,24
1547626839,27,27
1547637040,25,25
1547645439,24,24
1547654449,25,25
1547674240,25,25
1547682639,26,26
1547692240,24,24
1547701239,24,24
1547711439,25,25
1547721639,27,27
1547731840,27,27
1547740838,27,27
1547749843,27,27
1547758839,22,22
1547767240,22,22
1547776838,25,25
1547785838,24,24
1547794841,26,26
1547803839,22,22
1547812839,27,27
1547821841,27,27
1547830243,24,24
1547841040,26,26
1547850639,25,25
1547859039,26,26
1547868041,24,24
1547878239,27,27
1547887838,24,24
1547896847,23,23
1547907038,25,25
1547916640,25,25
1547928038,26,26
1547937039,24,24
1547944842,27,27
1547954458,24,24
1547964039,27,27
1547973641,25,25
1547983846,26,26
1547992239,27,27
1548000638,24,24
1548010845,25,25
1548018640,27,27
1548027640,25,25
1548036041,22,22
1548043843,25,25
1548054039,26,26
1548061242,25,25
1548069639,25,25
1548079242,25,25
1548087642,26,26
1548097844,27,27
1548108045,26,26
1548116440,25,25
1548125443,25,25
1548135041,25,25
1548144044,25,25
1548153060,25,25
1548162040,26,26
1548170440,23,23
1548180039,26,26
1548189641,26,26
1548196839,26,26
1548205838,25,25
1548213042,25,25
1548222640,26,26
1548231642,26,26
1548240046,26,26
1548250241,26,26
1548259240,26,26
1548268239,26,26
1548278440,25,25
1548286840,27,27
1548295240,24,24
1548303047,25,25
1548313844,24,24
1548323439,26,26
